0000000011111010
0000000010010110
0000000011111001
0000000010010110
0000000000000000
0000000010010101
0000000011111010
0000000010010110
0000000011111001
0000000110010000
0000000011111010
0000000010010101
0000000011111010
0000000010010110
0000000000000000
0000000010010101
0000000011111010
0000000010010110
0000000011111001
0000000110010000
0000000011111010
0000000010010101
0000000011111001
0000000010010110
0000000000000000
0000000010010101
0000000011111010
0000000010010110
0000000011111001
0000000110010000
0000000011111010
0000000010010101
0000000011111001
0000000010010110
0000000000000000
0000000010010101
0000000011111010
0000000010010110
0000000011111010
0000000110010000
0000000011111010
0000000010010101
0000000011111001
0000000010010110
0000000000000000
0000000010010101
0000000011111010
0000000010010110
0000000011111001
0000000110010000
0000000011111010
0000000010010101
0000000011111001
0000000010010110
0000000000000000
0000000010010101
0000000011111010
0000000010010110
0000000011111001
0000000110010000
0000000011111010
0000000010010101
0000000011111001
0000000010010110
0000000000000000
0000000010010101
0000000011111010
0000000010010110
0000000011111001
0000000110010000
0000000011111010
0000000010010101
0000000011111001
0000000010010110
0000000000000000
0000000010010101
0000000011111010
0000000010010101
0000000011111001
0000000110010000
0000000011111001
0000000010010101
0000000011111001
0000000010010110
0000000000000000
0000000010010101
0000000011111010
0000000010010110
0000000011111001
0000000110010000
0000000011111010
0000000010010101
0000000011111001
0000000010010110
0000000000000000
0000000010010101
0000000011111010
0000000010010110
0000000011111001
0000000110010000
0000000011111010
0000000010010101
0000000011111001
0000000010010110
0000000000000000
0000000010010101
0000000011111010
0000000010010110
0000000011111001
0000000110010000
0000000011111010
0000000010010101
0000000011111001
0000000010010110
0000000000000000
0000000010010101
0000000011111010
0000000010010110
0000000011111001
0000000110010000
0000000011111010
0000000010010101
0000000011111001
0000000010010110
0000000000000000
0000000010010101
0000000011111010
0000000010010110
